m1_00_PEt2Ph-PBE0-D3-TZ-uniMM_54_-T_opt.out : -31.557022295157
m1_00_PEt2Ph-PBE0-D3-TZ-uniMM_36_-T_opt.out : -31.557022192157
m1_00_PEt2Ph-PBE0-D3-TZ-uniMM_44_-T_opt.out : -31.556110141273
m1_00_PEt2Ph-PBE0-D3-TZ-uniMM_7_-T_opt.out : -31.55610992479
m1_00_PEt2Ph-PBE0-D3-TZ-uniMM_43_-T_opt.out : -31.556047354312
m1_00_PEt2Ph-PBE0-D3-TZ-uniMM_32_-T_opt.out : -31.556039542889
m1_00_PEt2Ph-PBE0-D3-TZ-uniMM_27_-T_opt.out : -31.556026413875
m1_00_PEt2Ph-PBE0-D3-TZ-uniMM_70_-T_opt.out : -31.555930347754
m1_00_PEt2Ph-PBE0-D3-TZ-uniMM_57_-T_opt.out : -31.555929949235
m1_00_PEt2Ph-PBE0-D3-TZ-uniMM_60_-T_opt.out : -31.555668625786
m1_00_PEt2Ph-PBE0-D3-TZ-uniMM_48_-T_opt.out : -31.555667344569
m1_00_PEt2Ph-PBE0-D3-TZ-uniMM_22_-T_opt.out : -31.554679257507
m1_00_PEt2Ph-PBE0-D3-TZ-uniMM_12_-T_opt.out : -31.554678155169
m1_00_PEt2Ph-PBE0-D3-TZ-uniMM_19_-T_opt.out : -31.554249755941
m1_00_PEt2Ph-PBE0-D3-TZ-uniMM_47_-T_opt.out : -31.554249583354
m1_00_PEt2Ph-PBE0-D3-TZ-uniMM_25_-T_opt.out : -31.553562132738
m1_00_PEt2Ph-PBE0-D3-TZ-uniMM_24_-T_opt.out : -31.553543224015
m1_00_PEt2Ph-PBE0-D3-TZ-uniMM_40_-T_opt.out : -31.552642869161
m1_00_PEt2Ph-PBE0-D3-TZ-uniMM_62_-T_opt.out : -31.552639475318
m1_00_PEt2Ph-PBE0-D3-TZ-uniMM_63_-T_opt.out : -31.552632821296
m1_00_PEt2Ph-PBE0-D3-TZ-uniMM_61_-T_opt.out : -31.55224630331
